TECHNOLOGIES 	  c_inv	 c_maint	 lifetime	  f_min	 f	 f_max	 fmin_perc	 f_perc	 fmax_perc	 c_p	 tau	 gwp_constr 
 UNITS	[MCHCapitalf/kW]	 [MCHCapitalf/kW]	 [y]	 [kW or kWh]	 [kW or kWh]	 [kW or kWh]	 [0-1]	 [0-1]	 [0-1]	 [0-1]	 [-]	 [kgCO2-eq./kW or kWh] 
PV	9558254.184494	147990.935551	25.000000	0.000000	16200.430821	1000000.000000	0.000000	0.000000	1.000000	1.000000	0.048263	33720062.724120	
WIND_HAWT	0.000000	0.000000	30.000000	2000.000000	0.000000	0.000000	0.000000	0.000000	1.000000	1.000000	0.041639	0.000000	
WIND_VAWT	0.000000	0.000000	25.000000	10.000000	0.000000	0.000000	0.000000	0.000000	1.000000	1.000000	0.048263	0.000000	
DHN_ADVCOGEN_GAS	0.000000	0.000000	20.000000	2000.000000	0.000000	100000.000000	0.000000	0.000000	1.000000	0.900000	0.058246	0.000000	
DHN_ADVCOGEN_H2	0.000000	0.000000	20.000000	2000.000000	0.000000	100000.000000	0.000000	0.000000	1.000000	0.900000	0.058246	0.000000	
DHN_HP_ELEC_A2W	0.000000	0.000000	20.000000	200.000000	0.000000	100000.000000	0.000000	0.000000	1.000000	0.990000	0.058246	0.000000	
DHN_HP_ELEC_G2W	6522239.856114	21107.572350	20.000000	200.000000	10553.786175	100000.000000	0.000000	0.000000	1.000000	0.990000	0.058246	1844696.285518	
DHN_THHP_GAS_ED_A2W	0.000000	0.000000	20.000000	10.000000	0.000000	10000.000000	0.000000	0.000000	1.000000	1.000000	0.058246	0.000000	
DHN_THHP_GAS_ED_G2W	0.000000	0.000000	20.000000	10.000000	0.000000	10000.000000	0.000000	0.000000	1.000000	1.000000	0.058246	0.000000	
DHN_THHP_ABS_A2W	0.000000	0.000000	25.000000	0.100000	0.000000	100000.000000	0.000000	0.000000	1.000000	0.950000	0.048263	0.000000	
DHN_THHP_ABS_G2W	0.000000	0.000000	25.000000	0.100000	0.000000	100000.000000	0.000000	0.000000	1.000000	0.950000	0.048263	0.000000	
DHN_COGEN_GAS_S	0.000000	0.000000	15.000000	25.000000	0.000000	0.000000	0.000000	0.000000	1.000000	0.850000	0.074944	0.000000	
DHN_COGEN_GAS_TURB_S	0.000000	0.000000	15.000000	50.000000	0.000000	0.000000	0.000000	0.000000	1.000000	0.900000	0.074944	0.000000	
DHN_COGEN_GAS_TURB_M	0.000000	0.000000	25.000000	6250.000000	0.000000	0.000000	0.000000	0.000000	1.000000	0.950000	0.048263	0.000000	
DHN_COGEN_GAS_TURB_L	0.000000	0.000000	25.000000	40000.000000	0.000000	0.000000	0.000000	0.000000	1.000000	0.950000	0.048263	0.000000	
DHN_COGEN_GAS_CCGT_M	0.000000	0.000000	25.000000	7000.000000	0.000000	0.000000	0.000000	0.000000	1.000000	0.900000	0.048263	0.000000	
DHN_COGEN_GAS_CCGT_L	0.000000	0.000000	25.000000	50000.000000	0.000000	0.000000	0.000000	0.000000	1.000000	0.900000	0.048263	0.000000	
DHN_COGEN_GAS_ENG	0.000000	0.000000	25.000000	5.000000	0.000000	40000.000000	0.000000	0.000000	1.000000	0.900000	0.048263	0.000000	
DHN_COGEN_WOOD_S	0.000000	0.000000	25.000000	14000.000000	0.000000	0.000000	0.000000	0.000000	1.000000	0.900000	0.048263	0.000000	
DHN_COGEN_WOOD_M	0.000000	0.000000	25.000000	60000.000000	0.000000	0.000000	0.000000	0.000000	1.000000	0.900000	0.048263	0.000000	
DHN_COGEN_WOOD_L	0.000000	0.000000	25.000000	500000.000000	0.000000	0.000000	0.000000	0.000000	1.000000	0.900000	0.048263	0.000000	
DHN_COGEN_WASTE_S	0.000000	0.000000	25.000000	25000.000000	0.000000	0.000000	0.000000	0.000000	1.000000	0.930000	0.048263	0.000000	
DHN_COGEN_WASTE_M	0.000000	0.000000	25.000000	57000.000000	0.000000	0.000000	0.000000	0.000000	1.000000	0.930000	0.048263	0.000000	
DHN_COGEN_WASTE_L	0.000000	0.000000	25.000000	175000.000000	0.000000	0.000000	0.000000	0.000000	1.000000	0.930000	0.048263	0.000000	
DHN_BOILER_GAS_S	0.000000	0.000000	25.000000	70.000000	0.000000	10000.000000	0.000000	0.000000	1.000000	0.990000	0.048263	0.000000	
DHN_BOILER_GAS_M	0.000000	0.000000	25.000000	500.000000	0.000000	10000.000000	0.000000	0.000000	1.000000	0.990000	0.048263	0.000000	
DHN_BOILER_WOOD_S	0.000000	0.000000	25.000000	5000.000000	0.000000	100000.000000	0.000000	0.000000	1.000000	1.000000	0.048263	0.000000	
DHN_BOILER_WOOD_M	0.000000	0.000000	25.000000	50000.000000	0.000000	1000000.000000	0.000000	0.000000	1.000000	1.000000	0.048263	0.000000	
DHN_BOILER_WOOD_L	0.000000	0.000000	25.000000	80000.000000	0.000000	1000000.000000	0.000000	0.000000	1.000000	1.000000	0.048263	0.000000	
DHN_BOILER_OIL	0.000000	0.000000	20.000000	500.000000	0.000000	10000.000000	0.000000	0.000000	1.000000	1.000000	0.058246	0.000000	
DHN_BOILER_WASTE_S	0.000000	0.000000	15.000000	500.000000	0.000000	10000.000000	0.000000	0.000000	1.000000	0.900000	0.074944	0.000000	
DHN_BOILER_WASTE_L	0.000000	0.000000	25.000000	35000.000000	0.000000	100000.000000	0.000000	0.000000	1.000000	0.900000	0.048263	0.000000	
DHN_BOILER_ELEC_S	0.000000	0.000000	20.000000	250.000000	0.000000	10000.000000	0.000000	0.000000	1.000000	0.960000	0.058246	0.000000	
DHN_BOILER_ELEC_L	0.000000	0.000000	20.000000	5000.000000	0.000000	100000.000000	0.000000	0.000000	1.000000	0.960000	0.058246	0.000000	
DHN_SOLAR	1151294.269802	2193.472164	30.000000	0.700000	5065.755576	100000000.000000	0.000000	0.000000	1.000000	1.000000	0.041639	1120646.448566	
DEC_HP_ELEC_A2A	0.000000	0.000000	12.000000	3.000000	0.000000	30.000000	0.000000	0.000000	1.000000	1.000000	0.091680	0.000000	
DEC_HP_ELEC_A2W	0.000000	0.000000	18.000000	5.000000	0.000000	30.000000	0.000000	0.000000	1.000000	1.000000	0.063806	0.000000	
DEC_HP_ELEC_A2W_small	0.000000	0.000000	18.000000	2.500000	0.000000	30.000000	0.000000	0.000000	1.000000	1.000000	0.063806	0.000000	
DEC_HP_ELEC_G2W	0.000000	0.000000	20.000000	5.000000	0.000000	32.000000	0.000000	0.000000	1.000000	1.000000	0.058246	0.000000	
DEC_HP_ELEC_G2W_small	0.000000	0.000000	20.000000	2.500000	0.000000	32.000000	0.000000	0.000000	1.000000	1.000000	0.058246	0.000000	
DEC_HP_ELEC_G2W_big	-0.000000	-0.000000	20.000000	18.000000	-0.000000	50.000000	0.000000	0.000000	1.000000	1.000000	0.058246	0.000000	
DEC_THHP_GAS_ABS_A2W	0.000000	0.000000	20.000000	10.000000	0.000000	60.000000	0.000000	0.000000	1.000000	1.000000	0.058246	0.000000	
DEC_THHP_GAS_ABS_G2W	0.000000	0.000000	20.000000	10.000000	0.000000	60.000000	0.000000	0.000000	1.000000	1.000000	0.058246	0.000000	
DEC_THHP_GAS_ADS_G2W	0.000000	0.000000	20.000000	1.500000	0.000000	60.000000	0.000000	0.000000	1.000000	1.000000	0.058246	0.000000	
DEC_COGEN_GAS	0.000000	0.000000	20.000000	5.000000	0.000000	30.000000	0.000000	0.000000	1.000000	1.000000	0.058246	0.000000	
DEC_COGEN_OIL	0.000000	0.000000	20.000000	5.000000	0.000000	30.000000	0.000000	0.000000	1.000000	1.000000	0.058246	0.000000	
DEC_ADVCOGEN_GAS	0.000000	0.000000	20.000000	1.190000	0.000000	30.000000	0.000000	0.000000	1.000000	1.000000	0.058246	0.000000	
DEC_ADVCOGEN_H2	0.000000	0.000000	20.000000	0.700000	0.000000	30.000000	0.000000	0.000000	1.000000	1.000000	0.058246	0.000000	
DEC_BOILER_GAS	0.000000	0.000000	20.000000	5.000000	0.000000	30.000000	0.000000	0.000000	1.000000	1.000000	0.058246	0.000000	
DEC_BOILER_WOOD	0.000000	0.000000	20.000000	8.000000	0.000000	70.000000	0.000000	0.000000	1.000000	1.000000	0.058246	0.000000	
DEC_BOILER_OIL	0.000000	0.000000	20.000000	15.000000	0.000000	30.000000	0.000000	0.000000	1.000000	1.000000	0.058246	0.000000	
DEC_STOVE_WOOD	0.000000	0.000000	20.000000	4.000000	0.000000	0.000000	0.000000	0.000000	0.600000	1.000000	0.058246	0.000000	
DEC_SOLAR	0.000000	0.000000	20.000000	1.000000	0.000000	6.000000	0.000000	0.000000	1.000000	1.000000	0.058246	0.000000	
DEC_DIRECT_ELEC	0.000000	0.000000	30.000000	2.000000	0.000000	30.000000	0.000000	0.000000	1.000000	1.000000	0.041639	0.000000	
TRAMWAY_TROLLEY	0.000000	0.000000	1.000000	0.100000	0.000000	16.700000	0.000000	0.000000	0.300000	1.000000	1.015000	0.000000	
BUS_COACH_DIESEL	0.000000	0.000000	1.000000	0.100000	0.000000	16.700000	0.000000	0.000000	0.300000	1.000000	1.015000	0.000000	
BUS_COACH_HYDIESEL	0.000000	0.000000	1.000000	0.100000	0.000000	16.700000	0.000000	0.000000	0.300000	1.000000	1.015000	0.000000	
BUS_COACH_CNG_STOICH	0.000000	0.000000	1.000000	0.100000	0.000000	16.700000	0.000000	0.000000	0.300000	1.000000	1.015000	0.000000	
BUS_COACH_CapitalfC_HYBRIDH2	0.000000	0.000000	1.000000	0.100000	0.000000	16.700000	0.000000	0.000000	0.200000	1.000000	1.015000	0.000000	
TRAIN_PUB	0.000000	0.000000	1.000000	0.100000	0.000000	16.700000	0.000000	0.000000	0.800000	1.000000	1.015000	0.000000	
CAR_GASOLINE	0.000000	0.000000	1.000000	0.100000	0.000000	16.700000	0.200000	0.000000	1.000000	1.000000	1.015000	0.000000	
CAR_DIESEL	0.000000	0.000000	1.000000	0.100000	0.000000	16.700000	0.200000	0.000000	1.000000	1.000000	1.015000	0.000000	
CAR_NG	0.000000	0.000000	1.000000	0.100000	0.000000	16.700000	0.000000	0.000000	0.500000	1.000000	1.015000	0.000000	
CAR_HEV	0.000000	0.000000	1.000000	0.100000	0.000000	16.700000	0.000000	0.000000	0.300000	1.000000	1.015000	0.000000	
CAR_PHEV	0.000000	0.000000	1.000000	0.100000	0.000000	16.700000	0.000000	0.000000	0.300000	1.000000	1.015000	0.000000	
CAR_BEV	0.000000	0.000000	1.000000	0.100000	0.000000	16.700000	0.000000	0.000000	0.300000	1.000000	1.015000	0.000000	
CAR_CapitalfUEL_CELL	0.000000	0.000000	1.000000	0.100000	0.000000	16.700000	0.000000	0.000000	0.200000	1.000000	1.015000	0.000000	
TRAIN_CapitalfREIGHT	0.000000	0.000000	1.000000	0.920000	0.000000	3.200000	0.000000	0.000000	1.000000	1.000000	1.015000	0.000000	
TRUCK	0.000000	0.000000	1.000000	0.920000	0.000000	3.200000	0.000000	0.000000	1.000000	1.000000	1.015000	0.000000	
LNG_STO	0.000000	0.000000	25.000000	0.100000	0.000000	100000.000000	0.000000	-1.000000	1.000000	1.000000	0.048263	0.000000	%f\t
PHES	0.000000	0.000000	50.000000	0.100000	0.000000	0.000000	0.000000	-1.000000	1.000000	1.000000	0.028572	0.000000	%f\t
BATT_LI	2114955.478672	6556.361984	30.000000	2.200000	10574.777393	100000.000000	0.000000	-1.000000	1.000000	1.000000	0.041639	648233.854213	%f\t
BATT_REDOX	0.000000	0.000000	20.000000	2.200000	0.000000	100000.000000	0.000000	-1.000000	1.000000	1.000000	0.058246	0.000000	%f\t
BEV_BATT	0.000000	0.000000	1.000000	0.100000	0.000000	0.000000	0.000000	-1.000000	1.000000	1.000000	1.015000	0.000000	%f\t
PHEV_BATT	0.000000	0.000000	1.000000	0.100000	0.000000	0.000000	0.000000	-1.000000	1.000000	1.000000	1.015000	0.000000	%f\t
TS_DEC_HP_ELEC_A2W_small	0.000000	0.000000	30.000000	0.100000	0.000000	100000.000000	0.000000	-1.000000	1.000000	1.000000	0.041639	0.000000	%f\t
TS_DEC_HP_ELEC_A2W	0.000000	0.000000	30.000000	0.100000	0.000000	100000.000000	0.000000	-1.000000	1.000000	1.000000	0.041639	0.000000	%f\t
TS_DEC_HP_ELEC_G2W_small	0.000000	0.000000	30.000000	0.100000	0.000000	100000.000000	0.000000	-1.000000	1.000000	1.000000	0.041639	0.000000	%f\t
TS_DEC_HP_ELEC_G2W	0.000000	0.000000	30.000000	0.100000	0.000000	100000.000000	0.000000	-1.000000	1.000000	1.000000	0.041639	0.000000	%f\t
TS_DEC_HP_ELEC_G2W_big	0.000000	0.000000	30.000000	0.100000	0.000000	100000.000000	0.000000	-1.000000	1.000000	1.000000	0.041639	0.000000	%f\t
TS_DEC_DIRECT_ELEC	0.000000	0.000000	30.000000	0.100000	0.000000	100000.000000	0.000000	-1.000000	1.000000	1.000000	0.041639	0.000000	%f\t
TS_DEC_THHP_GAS_ABS_A2W	0.000000	0.000000	30.000000	0.100000	0.000000	100000.000000	0.000000	-1.000000	1.000000	1.000000	0.041639	0.000000	%f\t
TS_DEC_THHP_GAS_ABS_G2W	0.000000	0.000000	30.000000	0.100000	0.000000	100000.000000	0.000000	-1.000000	1.000000	1.000000	0.041639	0.000000	%f\t
TS_DEC_THHP_GAS_ADS_G2W	0.000000	0.000000	30.000000	0.100000	0.000000	100000.000000	0.000000	-1.000000	1.000000	1.000000	0.041639	0.000000	%f\t
TS_DEC_COGEN_GAS	0.000000	0.000000	30.000000	0.100000	0.000000	100000.000000	0.000000	-1.000000	1.000000	1.000000	0.041639	0.000000	%f\t
TS_DEC_ADVCOGEN_GAS	0.000000	0.000000	30.000000	0.100000	0.000000	100000.000000	0.000000	-1.000000	1.000000	1.000000	0.041639	0.000000	%f\t
TS_DEC_COGEN_OIL	0.000000	0.000000	30.000000	0.100000	0.000000	100000.000000	0.000000	-1.000000	1.000000	1.000000	0.041639	0.000000	%f\t
TS_DEC_ADVCOGEN_H2	0.000000	0.000000	30.000000	0.100000	0.000000	100000.000000	0.000000	-1.000000	1.000000	1.000000	0.041639	0.000000	%f\t
TS_DEC_BOILER_GAS	0.000000	0.000000	30.000000	0.100000	0.000000	100000.000000	0.000000	-1.000000	1.000000	1.000000	0.041639	0.000000	%f\t
TS_DEC_BOILER_WOOD	0.000000	0.000000	30.000000	0.100000	0.000000	100000.000000	0.000000	-1.000000	1.000000	1.000000	0.041639	0.000000	%f\t
TS_DEC_BOILER_OIL	0.000000	0.000000	30.000000	0.100000	0.000000	100000.000000	0.000000	-1.000000	1.000000	1.000000	0.041639	0.000000	%f\t
TS_DHN_DAILY_S	1258588.423940	120.265116	40.000000	100.000000	13984.315822	100000000.000000	0.000000	-1.000000	1.000000	1.000000	0.033427	0.000000	%f\t
TS_DHN_DAILY_M	0.000000	0.000000	40.000000	40000.000000	0.000000	0.000000	0.000000	-1.000000	1.000000	1.000000	0.033427	0.000000	%f\t
TS_DHN_SEASONAL_S	2216347.760713	1731.521688	20.000000	40000.000000	577173.896019	100000000.000000	0.000000	-1.000000	1.000000	1.000000	0.058246	0.000000	%f\t
TS_DHN_SEASONAL_M	0.000000	0.000000	20.000000	1000000.000000	0.000000	0.000000	0.000000	-1.000000	1.000000	1.000000	0.058246	0.000000	%f\t
TS_DHN_SEASONAL_L	0.000000	0.000000	20.000000	8000000.000000	0.000000	0.000000	0.000000	-1.000000	1.000000	1.000000	0.058246	0.000000	%f\t
SEASONAL_NG	0.000000	0.000000	30.000000	0.000000	0.000000	100000.000000	0.000000	-1.000000	1.000000	1.000000	0.041639	0.000000	%f\t
SEASONAL_H2	0.000000	0.000000	25.000000	0.000000	0.000000	100000.000000	0.000000	-1.000000	1.000000	1.000000	0.048263	0.000000	%f\t
LINK_DEC2DHN	0.000000	0.000000	1.000000	0.100000	0.000000	0.000000	0.000000	-1.000000	1.000000	1.000000	1.015000	0.000000	%f\t
LINK_DHN2DEC	0.000000	0.000000	1.000000	0.100000	0.000000	0.000000	0.000000	-1.000000	1.000000	1.000000	1.015000	0.000000	%f\t
ECapitalfCapitalfICIENCY	0.000000	0.000000	1.000000	0.100000	0.000000	20.000000	0.000000	-1.000000	1.000000	1.000000	1.015000	0.000000	%f\t
DHN_SINGLE	9525610.714286	0.000000	40.000000	0.100000	15240.977143	100000.000000	0.000000	-1.000000	1.000000	1.000000	0.033427	0.000000	%f\t
DHN_SERVICE	9600000.000000	0.000000	40.000000	0.100000	3000.000000	100000.000000	0.000000	-1.000000	1.000000	1.000000	0.033427	0.000000	%f\t
DHN_STATIONS	4128692.108092	0.000000	40.000000	0.100000	17202.883784	100000.000000	0.000000	-1.000000	1.000000	1.000000	0.033427	0.000000	%f\t
DHN_SUBSTA	3612605.594580	96336.149189	25.000000	0.100000	17202.883784	100000.000000	0.000000	-1.000000	1.000000	1.000000	0.048263	0.000000	%f\t
GRID	0.000000	0.000000	80.000000	0.100000	0.000000	20.000000	0.000000	-1.000000	1.000000	1.000000	0.021548	0.000000	%f\t
H2_ELECTROLYSIS_SOEC	0.000000	0.000000	30.000000	1000.000000	0.000000	100000.000000	0.000000	-1.000000	1.000000	0.900000	0.041639	0.000000	%f\t
H2_ELECTROLYSIS_PEMEC	0.000000	0.000000	15.000000	1000.000000	0.000000	100000.000000	0.000000	-1.000000	1.000000	0.900000	0.074944	0.000000	%f\t
H2_ELECTROLYSIS_ALKA	0.000000	0.000000	25.000000	1000.000000	0.000000	100000.000000	0.000000	-1.000000	1.000000	0.900000	0.048263	0.000000	%f\t
H2_NG	0.000000	0.000000	25.000000	1000.000000	0.000000	100000.000000	0.000000	-1.000000	1.000000	0.860000	0.048263	0.000000	%f\t
H2_BIOMASS	0.000000	0.000000	25.000000	1000.000000	0.000000	100000.000000	0.000000	-1.000000	1.000000	0.860000	0.048263	0.000000	%f\t
GASICapitalfICATION_SNG	0.000000	0.000000	20.000000	2000.000000	0.000000	0.000000	0.000000	-1.000000	1.000000	0.950000	0.058246	0.000000	%f\t
PYROLYSIS	0.000000	0.000000	25.000000	1000.000000	0.000000	100000.000000	0.000000	-1.000000	1.000000	0.950000	0.048263	0.000000	%f\t
ROOCapitalf	0.000000	0.000000	1.000000	0.100000	0.000000	100000000000.000000	0.000000	-1.000000	0.140000	1.000000	1.015000	0.000000	%f\t
CapitalfACADE	906291.645851	0.000000	1.000000	0.100000	10069907.176124	100000000000.000000	0.000000	-1.000000	0.280000	1.000000	1.015000	0.000000	%f\t
CapitalfLOOR	0.000000	0.000000	1.000000	0.100000	0.000000	100000000000.000000	0.000000	-1.000000	0.050000	1.000000	1.015000	0.000000	%f\t
WINDOW	0.000000	0.000000	1.000000	0.100000	0.000000	100000000000.000000	0.000000	-1.000000	0.100000	1.000000	1.015000	0.000000	%f\t