TECHNOLOGIES 	  c_inv	 c_maint	 lifetime	  f_min	 f	 f_max	 fmin_perc	 f_perc	 fmax_perc	 c_p	 tau	 gwp_constr 
 UNITS	[MCHCapitalf/kW]	 [MCHCapitalf/kW]	 [y]	 [kW or kWh]	 [kW or kWh]	 [kW or kWh]	 [0-1]	 [0-1]	 [0-1]	 [0-1]	 [-]	 [kgCO2-eq./kW or kWh] 
PV	6780.000000	80.640000	25.000000	0.000000	6.000000	6.000000	0.000000	0.000000	1.000000	1.000000	0.048263	12488.580000	
WIND	0.000000	0.000000	30.000000	0.100000	0.000000	0.000000	0.000000	0.000000	1.000000	1.000000	0.041639	0.000000	
DHN_HP_ELEC	0.000000	0.000000	25.000000	0.100000	0.000000	0.000000	0.000000	0.000000	1.000000	0.950000	0.048263	0.000000	
DHN_COGEN_GAS	0.000000	0.000000	25.000000	0.100000	0.000000	0.000000	0.000000	0.000000	1.000000	0.850000	0.048263	0.000000	
DHN_COGEN_WOOD	0.000000	0.000000	25.000000	0.100000	0.000000	0.000000	0.000000	0.000000	1.000000	0.850000	0.048263	0.000000	
DHN_COGEN_WASTE	0.000000	0.000000	25.000000	0.100000	0.000000	0.000000	0.000000	0.000000	1.000000	0.850000	0.048263	0.000000	
DHN_BOILER_GAS	0.000000	0.000000	17.000000	0.100000	0.000000	0.000000	0.000000	0.000000	1.000000	0.950000	0.067080	0.000000	
DHN_BOILER_WOOD	0.000000	0.000000	17.000000	0.100000	0.000000	0.000000	0.000000	0.000000	1.000000	0.900000	0.067080	0.000000	
DHN_BOILER_OIL	0.000000	0.000000	17.000000	0.100000	0.000000	0.000000	0.000000	0.000000	1.000000	0.950000	0.067080	0.000000	
DEC_HP_ELEC_A2A	1062.500000	101.250000	12.000000	2.500000	2.500000	30.000000	0.000000	0.000000	1.000000	1.000000	0.091680	412.225000	
DEC_HP_ELEC_A2W	2350.000000	69.500000	18.000000	2.500000	2.500000	30.000000	0.000000	0.000000	1.000000	1.000000	0.063806	412.225000	
DEC_HP_ELEC_G2W	6000.000000	111.200000	20.000000	4.000000	4.000000	32.000000	0.000000	0.000000	1.000000	1.000000	0.058246	659.560000	
DEC_THHP_GAS_ABS_A2W	2000.000000	117.500000	20.000000	5.000000	5.000000	60.000000	0.000000	0.000000	1.000000	1.000000	0.058246	1909.650000	
DEC_THHP_GAS_ABS_G2W	2450.000000	117.500000	20.000000	5.000000	5.000000	60.000000	0.000000	0.000000	1.000000	1.000000	0.058246	1909.650000	
DEC_THHP_GAS_ADS_G2W	6500.000000	117.500000	20.000000	5.000000	5.000000	60.000000	0.000000	0.000000	1.000000	1.000000	0.058246	1909.650000	
DEC_COGEN_GAS	7040.150000	463.060000	20.000000	5.000000	5.000000	30.000000	0.000000	0.000000	1.000000	1.000000	0.058246	5121.600000	
DEC_COGEN_OIL	6527.800000	409.825000	20.000000	5.000000	5.000000	30.000000	0.000000	0.000000	1.000000	1.000000	0.058246	5121.600000	
DEC_ADVCOGEN_GAS	11999.960000	799.989400	20.000000	1.190000	1.190000	30.000000	0.000000	0.000000	1.000000	1.000000	0.058246	2610.205500	
DEC_ADVCOGEN_H2	10999.940000	700.000000	20.000000	0.700000	0.700000	30.000000	0.000000	0.000000	1.000000	1.000000	0.058246	1535.415000	
DEC_BOILER_GAS	3100.000000	205.000000	20.000000	10.000000	10.000000	30.000000	0.000000	0.000000	1.000000	1.000000	0.058246	210.900000	
DEC_BOILER_WOOD	5440.000000	403.200000	20.000000	10.000000	10.000000	70.000000	0.000000	0.000000	1.000000	1.000000	0.058246	210.900000	
DEC_BOILER_OIL	5899.995000	234.000000	20.000000	15.000000	15.000000	30.000000	0.000000	0.000000	1.000000	1.000000	0.058246	316.350000	
DEC_SOLAR	7326.494551	146.524823	20.000000	1.000000	9.050329	10.000000	0.000000	0.000000	1.000000	1.000000	0.058246	2002.113731	
DEC_DIRECT_ELEC	119.926800	0.533700	15.000000	3.000000	3.000000	30.000000	0.000000	0.000000	1.000000	1.000000	0.074944	4.410000	
TRAMWAY_TROLLEY	0.000000	0.000000	1.000000	0.100000	0.000000	16.700000	0.000000	0.000000	0.300000	1.000000	1.015000	0.000000	
BUS_COACH_DIESEL	0.000000	0.000000	1.000000	0.100000	0.000000	16.700000	0.000000	0.000000	0.300000	1.000000	1.015000	0.000000	
BUS_COACH_HYDIESEL	0.000000	0.000000	1.000000	0.100000	0.000000	16.700000	0.000000	0.000000	0.300000	1.000000	1.015000	0.000000	
BUS_COACH_CNG_STOICH	0.000000	0.000000	1.000000	0.100000	0.000000	16.700000	0.000000	0.000000	0.300000	1.000000	1.015000	0.000000	
BUS_COACH_CapitalfC_HYBRIDH2	0.000000	0.000000	1.000000	0.100000	0.000000	16.700000	0.000000	0.000000	0.200000	1.000000	1.015000	0.000000	
TRAIN_PUB	0.000000	0.000000	1.000000	0.100000	0.000000	16.700000	0.000000	0.000000	0.800000	1.000000	1.015000	0.000000	
CAR_GASOLINE	0.000000	0.000000	1.000000	0.100000	0.000000	16.700000	0.200000	0.000000	1.000000	1.000000	1.015000	0.000000	
CAR_DIESEL	0.000000	0.000000	1.000000	0.100000	0.000000	16.700000	0.200000	0.000000	1.000000	1.000000	1.015000	0.000000	
CAR_NG	0.000000	0.000000	1.000000	0.100000	0.000000	16.700000	0.000000	0.000000	0.500000	1.000000	1.015000	0.000000	
CAR_HEV	0.000000	0.000000	1.000000	0.100000	0.000000	16.700000	0.000000	0.000000	0.300000	1.000000	1.015000	0.000000	
CAR_PHEV	0.000000	0.000000	1.000000	0.100000	0.000000	16.700000	0.000000	0.000000	0.300000	1.000000	1.015000	0.000000	
CAR_BEV	0.000000	0.000000	1.000000	0.100000	0.000000	16.700000	0.000000	0.000000	0.300000	1.000000	1.015000	0.000000	
CAR_CapitalfUEL_CELL	0.000000	0.000000	1.000000	0.100000	0.000000	16.700000	0.000000	0.000000	0.200000	1.000000	1.015000	0.000000	
TRAIN_CapitalfREIGHT	0.000000	0.000000	1.000000	0.920000	0.000000	3.200000	0.000000	0.000000	1.000000	1.000000	1.015000	0.000000	
TRUCK	0.000000	0.000000	1.000000	0.920000	0.000000	3.200000	0.000000	0.000000	1.000000	1.000000	1.015000	0.000000	
LNG_STO	41440.000000	0.000000	25.000000	0.100000	100000.000000	100000.000000	0.000000	-1.000000	1.000000	1.000000	0.048263	0.000000	%f\t
PHES	0.000000	0.000000	50.000000	0.100000	0.000000	0.000000	0.000000	-1.000000	1.000000	1.000000	0.028572	0.000000	%f\t
BATT_LI	104.200000	0.010000	22.000000	0.100000	0.100000	100000.000000	0.000000	-1.000000	1.000000	1.000000	0.053703	6.130000	%f\t
BEV_BATT	0.000000	0.000000	1.000000	0.100000	0.000000	0.000000	0.000000	-1.000000	1.000000	1.000000	1.015000	0.000000	%f\t
PHEV_BATT	0.000000	0.000000	1.000000	0.100000	0.000000	0.000000	0.000000	-1.000000	1.000000	1.000000	1.015000	0.000000	%f\t
TS_DEC	1013.000000	6.640000	25.000000	0.100000	50.000000	50.000000	0.000000	-1.000000	1.000000	1.000000	0.048263	0.000000	%f\t
TS_DHN_DAILY	0.000000	0.000000	40.000000	0.100000	0.000000	100000.000000	0.000000	-1.000000	1.000000	1.000000	0.033427	0.000000	%f\t
TS_DHN_SEASONAL	0.000000	0.000000	25.000000	0.100000	0.000000	100000.000000	0.000000	-1.000000	1.000000	1.000000	0.048263	0.000000	%f\t
ECapitalfCapitalfICIENCY	0.000000	0.000000	1.000000	0.100000	0.000000	20.000000	0.000000	-1.000000	1.000000	1.000000	1.015000	0.000000	%f\t
DHN	0.000000	0.000000	60.000000	0.100000	0.000000	20.000000	0.000000	-1.000000	1.000000	1.000000	0.025393	0.000000	%f\t
GRID	0.000000	0.000000	80.000000	0.100000	0.000000	20.000000	0.000000	-1.000000	1.000000	1.000000	0.021548	0.000000	%f\t
POWER2GAS_in	0.000000	0.000000	1.000000	0.100000	20.000000	20.000000	0.000000	-1.000000	1.000000	0.900000	1.015000	0.000000	%f\t
POWER2GAS_out	0.000000	0.000000	1.000000	0.100000	20.000000	20.000000	0.000000	-1.000000	1.000000	0.900000	1.015000	0.000000	%f\t
POWER2GAS	62368.200000	3118.400000	25.000000	0.100000	20.000000	20.000000	0.000000	-1.000000	1.000000	1.000000	0.048263	0.000000	%f\t
H2_ELECTROLYSIS	12000.000000	600.000000	15.000000	0.100000	20.000000	20.000000	0.000000	-1.000000	1.000000	0.900000	0.074944	0.000000	%f\t
H2_NG	13624.860000	1288.700000	25.000000	0.100000	20.000000	20.000000	0.000000	-1.000000	1.000000	0.860000	0.048263	0.000000	%f\t
H2_BIOMASS	50507.720000	3914.040000	25.000000	0.100000	20.000000	20.000000	0.000000	-1.000000	1.000000	0.860000	0.048263	0.000000	%f\t
GASICapitalfICATION_SNG	0.000000	0.000000	25.000000	0.100000	0.000000	20.000000	0.000000	-1.000000	1.000000	0.850000	0.048263	0.000000	%f\t
PYROLYSIS	26884.360000	1344.140000	25.000000	0.100000	20.000000	20.000000	0.000000	-1.000000	1.000000	0.850000	0.048263	0.000000	%f\t
ROOCapitalf	0.000000	0.000000	1.000000	0.100000	0.000000	100000.000000	0.000000	-1.000000	0.140000	1.000000	1.015000	0.000000	%f\t
CapitalfACADE	0.000000	0.000000	1.000000	0.100000	0.000000	100000.000000	0.000000	-1.000000	0.280000	1.000000	1.015000	0.000000	%f\t
CapitalfLOOR	0.000000	0.000000	1.000000	0.100000	0.000000	100000.000000	0.000000	-1.000000	0.050000	1.000000	1.015000	0.000000	%f\t
WINDOW	0.000000	0.000000	1.000000	0.100000	0.000000	100000.000000	0.000000	-1.000000	0.100000	1.000000	1.015000	0.000000	%f\t