TECHNOLOGIES 	  c_inv	 c_maint	 lifetime	  f_min	 f	 f_max	 fmin_perc	 f_perc	 fmax_perc	 c_p	 tau	 gwp_constr 																							
 UNITS	[MCHCapitalf/kW]	 [MCHCapitalf/kW]	 [y]	 [kW or kWh]	 [kW or kWh]	 [kW or kWh]	 [0-1]	 [0-1]	 [0-1]	 [0-1]	 [-]	 [kgCO2-eq./kW or kWh] 																							
PV	45984.40073	546.92951	25	0.25	40.69416	1000000	0	0	1	1	0.048263	84702.04531		0.062961856			0.062564962																		
WIND_HAWT	0	0	30	2000	0	0	0	0	1	1	0.041639	0					0																		
WIND_VAWT	0	0	20	10	0	0	0	0	1	1	0.058246	0					0																		
DHN_ADVCOGEN_GAS	0	0	25	1000	0	0	0	0	1	0.9	0.048263	0					0																		
DHN_ADVCOGEN_H2	0	0	25	1000	0	0	0	0	1	0.9	0.048263	0					0																		
DHN_HP_ELEC_A2W	0	0	25	200	0	10000000	0	0	1	1	0.048263	0					0																		
DHN_HP_ELEC_G2W	125481.5123	380.247007	25	200	190.123504	10000000	0	0	1	1	0.048263	33231.68719		0.170304392			0.18212066																		
DHN_THHP_GAS_ED_A2W	3856.846673	226.589742	20	50	48.210583	10000000	0	0	1	1	0.058246	18413.06812					0.005597729																		
DHN_THHP_GAS_ED_G2W	0	0	20	50	0	10000000	0	0	1	1	0.058246	0					0																		
DHN_THHP_ABS_A2W	0	0	20	80	0	10000000	0	0	1	1	0.058246	0					0																		
DHN_THHP_ABS_G2W	0	0	20	80	0	10000000	0	0	1	1	0.058246	0					0																		
DHN_COGEN_GAS_S	0	0	15	25	0	0	0	0	1	0.85	0.074944	0					0																		
DHN_COGEN_GAS_TURB_S	0	0	15	50	0	10000	0	0	1	0.9	0.074944	0					0																		
DHN_COGEN_GAS_TURB_M	0	0	25	6250	0	40000	0	0	1	0.95	0.048263	0					0																		
DHN_COGEN_GAS_TURB_L	0	0	25	40000	0	0	0	0	1	0.95	0.048263	0					0																		
DHN_COGEN_GAS_CCGT_M	0	0	25	7000	0	0	0	0	1	0.9	0.048263	0					0																		
DHN_COGEN_GAS_CCGT_L	0	0	25	50000	0	0	0	0	1	0.9	0.048263	0					0																		
DHN_COGEN_GAS_ENG	57135.52749	586.39094	25	5	60.142661	40000	0	0	1	0.9	0.048263	1804.279815		0.078103916			0.082925044																		
DHN_COGEN_BIOGAS_ENG	0	0	25	5	0	0	0	0	1	0.9	0.048263	0					0																		
DHN_COGEN_WOOD_S	0	0	25	14000	0	100000	0	0	1	0.9	0.048263	0					0																		
DHN_COGEN_WOOD_M	0	0	25	60000	0	1000000	0	0	1	0.9	0.048263	0					0																		
DHN_COGEN_WOOD_L	0	0	25	500000	0	0	0	0	1	0.9	0.048263	0					0																		
DHN_COGEN_WASTE_S	0	0	25	25000	0	1000000	0	0	1	0.93	0.048263	0					0																		
DHN_COGEN_WASTE_M	0	0	25	57000	0	0	0	0	1	0.93	0.048263	0					0																		
DHN_COGEN_WASTE_L	0	0	25	175000	0	0	0	0	1	0.93	0.048263	0					0																		
DHN_BOILER_GAS_S	0	0	25	70	0	0	0	0	1	0.99	0.048263	0					0																		
DHN_BOILER_GAS_M	0	0	25	500	0	0	0	0	1	0.99	0.048263	0					0																		
DHN_BOILER_WOOD_S	0	0	25	5000	0	100000	0	0	1	1	0.048263	0					0																		
DHN_BOILER_WOOD_M	0	0	25	50000	0	1000000	0	0	1	1	0.048263	0					0																		
DHN_BOILER_WOOD_L	0	0	25	80000	0	0	0	0	1	1	0.048263	0					0																		
DHN_BOILER_OIL	0	0	20	500	0	10000	0	0	1	1	0.058246	0					0																		
DHN_BOILER_WASTE_S	0	0	15	500	0	10000	0	0	1	0.9	0.074944	0					0																		
DHN_BOILER_WASTE_L	0	0	25	35000	0	0	0	0	1	0.9	0.048263	0					0																		
DHN_BOILER_ELEC_S	0	0	20	250	0	10000	0	0	1	0.96	0.058246	0					0																		
DHN_BOILER_ELEC_L	0	0	20	5000	0	100000	0	0	1	0.96	0.058246	0					0																		
DHN_SOLAR	0	0	30	0.7	0	1000000000	0	0	1	1	0.041639	0		0			0																		
DHN_DEEP_ABS	0	0	25	5000	0	0	0	0	1	0.9	0.048263	0					0																		
DHN_DEEP_ELEC	0	0	25	5000	0	0	0	0	1	0.9	0.048263	0					0																		
DHN_GEO	0	0	30	0	0	0	0	0	1	0.85	0.041639	0					0																		
DEC_HP_ELEC_A2A	0	0	12	2	0	30	0	0	0.6	1	0.09168	0					0																		
DEC_HP_ELEC_A2W	0	0	18	8	0	30	0	0	1	1	0.063806	0					0																		
DEC_HP_ELEC_A2W_small	0	0	18	3	0	30	0	0	1	1	0.063806	0					0																		
DEC_HP_ELEC_G2W	0	0	20	10	0	32	0	0	1	1	0.058246	0					0																		
DEC_HP_ELEC_G2W_small	0	0	20	6	0	30	0	0	1	1	0.058246	0					0																		
DEC_HP_ELEC_G2W_big	0	0	20	18	0	50	0	0	1	1	0.058246	0					0																		
DEC_THHP_GAS_ABS_A2W	0	0	20	18	0	60	0	0	1	1	0.058246	0					0																		
DEC_THHP_GAS_ABS_G2W	0	0	20	18	0	60	0	0	1	1	0.058246	0					0																		
DEC_THHP_GAS_ADS_G2W	0	0	20	10	0	60	0	0	1	1	0.058246	0					0																		
DEC_COGEN_GAS	0	0	20	5	0	30	0	0	1	1	0.058246	0					0																		
DEC_COGEN_OIL	0	0	20	5	0	30	0	0	1	1	0.058246	0					0																		
DEC_ADVCOGEN_GAS	0	0	20	1.19	0	30	0	0	1	1	0.058246	0					0																		
DEC_ADVCOGEN_H2	0	0	20	0.7	0	30	0	0	1	1	0.058246	0					0																		
DEC_BOILER_GAS	0	0	20	11	0	30	0	0	1	1	0.058246	0					0																		
DEC_BOILER_WOOD	0	0	20	10	0	30	0	0	1	1	0.058246	0					0																		
DEC_BOILER_OIL	0	0	20	15	0	70	0	0	1	1	0.058246	0					0																		
DEC_STOVE_WOOD	0	0	20	3	0	12	0	0	0.2	1	0.058246	0					0																		
DEC_SOLAR	0	0	25	0.7	0	10000	0	0	1	1	0.048263	0					0																		
DEC_DIRECT_ELEC	0	0	30	3	0	30	0	0	1	1	0.041639	0					0																		
TRAMWAY_TROLLEY	0	0	1	0.1	0	16.7	0	0	0.3	1	1.015	0					0																		
BUS_COACH_DIESEL	0	0	1	0.1	0	16.7	0	0	0.3	1	1.015	0					0																		
BUS_COACH_HYDIESEL	0	0	1	0.1	0	16.7	0	0	0.3	1	1.015	0					0																		
BUS_COACH_CNG_STOICH	0	0	1	0.1	0	16.7	0	0	0.3	1	1.015	0					0																		
BUS_COACH_CapitalfC_HYBRIDH2	0	0	1	0.1	0	16.7	0	0	0.2	1	1.015	0					0																		
TRAIN_PUB	0	0	1	0.1	0	16.7	0	0	0.8	1	1.015	0					0																		
CAR_GASOLINE	0	0	1	0.1	0	16.7	0.2	0	1	1	1.015	0					0																		
CAR_DIESEL	0	0	1	0.1	0	16.7	0.2	0	1	1	1.015	0					0																		
CAR_NG	0	0	1	0.1	0	16.7	0	0	0.5	1	1.015	0					0																		
CAR_HEV	0	0	1	0.1	0	16.7	0	0	0.3	1	1.015	0					0																		
CAR_PHEV	0	0	1	0.1	0	16.7	0	0	0.3	1	1.015	0					0																		
CAR_BEV	0	0	1	0.1	0	16.7	0	0	0.3	1	1.015	0					0																		
CAR_CapitalfUEL_CELL	0	0	1	0.1	0	16.7	0	0	0.2	1	1.015	0					0																		
TRAIN_CapitalfREIGHT	0	0	1	0.92	0	3.2	0	0	1	1	1.015	0					0																		
TRUCK	0	0	1	0.92	0	3.2	0	0	1	1	1.015	0					0																		
LNG_STO	0	0	25	0.1	0	100000	0	-1	1	1	0.048263	0	%f\t				0																		
PHES	0	0	50	0.1	0	0	0	-1	1	1	0.028572	0	%f\t				0																		
BATT_LI	0	0	15	2.2	0	100000	0	-1	1	1	0.074944	0	%f\t				0																		
BATT_REDOX	0	0	20	2.2	0	100000	0	-1	1	1	0.058246	0	%f\t				0																		
BEV_BATT	0	0	1	0.1	0	0	0	-1	1	1	1.015	0	%f\t				0																		
PHEV_BATT	0	0	1	0.1	0	0	0	-1	1	1	1.015	0	%f\t				0																		
TS_DEC_HP_ELEC_A2W_small	0	0	30	0.1	0	100000	0	-1	1	1	0.041639	0	%f\t				0																		
TS_DEC_HP_ELEC_A2W	0	0	30	0.1	0	100000	0	-1	1	1	0.041639	0	%f\t				0																		
TS_DEC_HP_ELEC_G2W_small	0	0	30	0.1	0	100000	0	-1	1	1	0.041639	0	%f\t				0																		
TS_DEC_HP_ELEC_G2W	0	0	30	0.1	0	100000	0	-1	1	1	0.041639	0	%f\t				0																		
TS_DEC_HP_ELEC_G2W_big	0	0	30	0.1	0	100000	0	-1	1	1	0.041639	0	%f\t				0																		
TS_DEC_DIRECT_ELEC	0	0	30	0.1	0	100000	0	-1	1	1	0.041639	0	%f\t				0																		
TS_DEC_THHP_GAS_ABS_A2W	0	0	30	0.1	0	100000	0	-1	1	1	0.041639	0	%f\t				0																		
TS_DEC_THHP_GAS_ABS_G2W	0	0	30	0.1	0	100000	0	-1	1	1	0.041639	0	%f\t				0																		
TS_DEC_THHP_GAS_ADS_G2W	0	0	30	0.1	0	100000	0	-1	1	1	0.041639	0	%f\t				0																		
TS_DEC_COGEN_GAS	0	0	30	0.1	0	100000	0	-1	1	1	0.041639	0	%f\t				0																		
TS_DEC_ADVCOGEN_GAS	0	0	30	0.1	0	100000	0	-1	1	1	0.041639	0	%f\t				0																		
TS_DEC_COGEN_OIL	0	0	30	0.1	0	100000	0	-1	1	1	0.041639	0	%f\t				0																		
TS_DEC_ADVCOGEN_H2	0	0	30	0.1	0	100000	0	-1	1	1	0.041639	0	%f\t				0																		
TS_DEC_BOILER_GAS	0	0	30	0.1	0	100000	0	-1	1	1	0.041639	0	%f\t				0																		
TS_DEC_BOILER_WOOD	0	0	30	0.1	0	100000	0	-1	1	1	0.041639	0	%f\t				0																		
TS_DEC_BOILER_OIL	0	0	30	0.1	0	100000	0	-1	1	1	0.041639	0	%f\t				0																		
TS_DHN_DAILY_S	7325.4116	8.629937	40	100	1003.481041	100000000	0	-1	1	1	0.033427	0	%f\t				0.010631915																		
TS_DHN_DAILY_M	0	0	40	40000	0	0	0	-1	1	1	0.033427	0	%f\t				0																		
TS_DHN_SEASONAL_S	0	0	20	40000	0	0	0	-1	1	1	0.058246	0	%f\t				0																		
TS_DHN_SEASONAL_M	0	0	20	1000000	0	0	0	-1	1	1	0.058246	0	%f\t				0																		
TS_DHN_SEASONAL_L	0	0	20	8000000	0	0	0	-1	1	1	0.058246	0	%f\t	0			0																		
SEASONAL_NG	0	0	30	0	0	100000	0	-1	1	1	0.041639	0	%f\t				0																		
SEASONAL_H2	0	0	25	0	0	100000	0	-1	1	1	0.048263	0	%f\t				0																		
LINK_DEC2DHN	0	0	1	0.1	0	0	0	-1	1	1	1.015	0	%f\t		31.13701635		0	28.12753479																	
LINK_DHN2DEC	0	0	1	0.1	0	0	0	-1	1	1	1.015	0	%f\t				0																		
ECapitalfCapitalfICIENCY	0	0	1	0.1	0	20	0	-1	1	1	1.015	0	%f\t				0																		
DHN_LINES	310000	0	50	0.1	50	100000	0	-1	1	1	0.028572	0	%f\t	0.419463083	56.20964059		0.449926077	59.32853169																	
DHN_STATIONS	98774.81389	0	50	0.1	411.561725	100000	0	-1	1	1	0.028572	0	%f\t	0.142633323			0.14335924																		
DHN_SUBSTA	86427.96215	2304.745657	25	0.1	411.561725	100000	0	-1	1	1	0.048263	0	%f\t	0.128132269	12.81322685		0.125439335	12.54393352																	
GRID	0	0	80	0.1	0	20	0	-1	1	1	0.021548	0	%f\t																						
H2_ELECTROLYSIS_SOEC	0	0	20	1000	0	100000	0	-1	1	0.9	0.058246	0	%f\t																						
H2_ELECTROLYSIS_PEMEC	0	0	15	1000	0	100000	0	-1	1	0.9	0.074944	0	%f\t																						
H2_ELECTROLYSIS_ALKA	0	0	25	1000	0	100000	0	-1	1	0.9	0.048263	0	%f\t																						
H2_NG	0	0	25	1000	0	100000	0	-1	1	0.86	0.048263	0	%f\t																						
H2_BIOMASS	0	0	25	1000	0	100000	0	-1	1	0.86	0.048263	0	%f\t																						
GASICapitalfICATION_SNG	0	0	20	2000	0	100000	0	-1	1	0.95	0.058246	0	%f\t																						
PYROLYSIS	0	0	25	1000	0	100000	0	-1	1	0.95	0.048263	0	%f\t																						
ROOCapitalf	0	0	1	0.1	0	1E+11	0	-1	0.14	1	1.015	0	%f\t																						
CapitalfACADE	0	0	1	0.1	0	1E+11	0	-1	0.28	1	1.015	0	%f\t																						
CapitalfLOOR	0	0	1	0.1	0	1E+11	0	-1	0.05	1	1.015	0	%f\t																						
WINDOW	0	0	1	0.1	0	1E+11	0	-1	0.1	1	1.015	0	%f\t																						