331	
331	
331	
331	
345	
345	
331	
345	
345	
345	
331	
345	
345	
345	
345	
345	
345	
331	
331	
331	
331	
90	
331	
345	
345	
331	
331	
345	
331	
331	
331	
331	
331	
331	
345	
345	
345	
299	
345	
299	
299	
299	
345	
331	
345	
345	
345	
299	
345	
331	
331	
260	
260	
299	
299	
331	
331	
331	
90	
299	
299	
299	
345	
299	
331	
299	
345	
299	
299	
299	
345	
331	
331	
331	
331	
90	
260	
104	
299	
104	
331	
104	
90	
104	
104	
260	
260	
90	
260	
90	
104	
104	
299	
104	
104	
104	
104	
90	
90	
224	
199	
104	
90	
104	
260	
260	
90	
260	
299	
90	
104	
130	
260	
130	
104	
260	
104	
104	
104	
130	
201	
260	
201	
201	
199	
199	
130	
104	
90	
130	
130	
130	
130	
104	
224	
233	
260	
130	
233	
233	
184	
233	
233	
199	
233	
184	
199	
201	
201	
199	
184	
233	
224	
260	
184	
224	
260	
260	
130	
130	
199	
201	
201	
201	
184	
201	
233	
201	
224	
199	
199	
184	
201	
201	
199	
199	
224	
201	
201	
201	
233	
199	
199	
184	
224	
199	
201	
199	
199	
199	
201	
201	
201	
201	
201	
201	
201	
201	
199	
233	
201	
184	
199	
199	
199	
199	
224	
201	
233	
233	
224	
224	
233	
184	
201	
233	
199	
199	
199	
201	
201	
224	
224	
224	
233	
199	
199	
199	
199	
233	
199	
199	
233	
199	
201	
201	
201	
233	
201	
201	
233	
233	
233	
199	
224	
199	
224	
224	
199	
199	
224	
260	
104	
104	
104	
233	
199	
199	
224	
260	
224	
104	
104	
104	
104	
104	
224	
90	
260	
260	
260	
260	
104	
104	
90	
90	
90	
90	
260	
260	
90	
90	
90	
260	
260	
260	
260	
260	
260	
90	
260	
90	
90	
90	
90	
90	
260	
299	
299	
331	
299	
299	
331	
331	
345	
299	
331	
331	
299	
331	
331	
90	
90	
90	
90	
331	
331	
331	
331	
331	
331	
331	
90	
90	
331	
331	
90	
331	
331	
331	
331	
331	
345	
345	
331	
345	
331	
331	
331	
331	
331	
331	
345	
331	
345	
331	
345	
331	
331	
90	
331	
331	
331	
331	
345	
331	
345	
345	
345	
345	
345	
345	
345	
345	
345	
