TECHNOLOGIES 	  c_inv	 c_maint	 lifetime	  f_min	 f	 f_max	 fmin_perc	 f_perc	 fmax_perc	 c_p	 tau	 gwp_constr 
 UNITS	[MCHCapitalf/kW]	 [MCHCapitalf/kW]	 [y]	 [kW or kWh]	 [kW or kWh]	 [kW or kWh]	 [0-1]	 [0-1]	 [0-1]	 [0-1]	 [-]	 [kgCO2-eq./kW or kWh] 
PV	0.000000	0.000000	25.000000	0.000000	0.000000	1000000.000000	0.000000	0.000000	1.000000	1.000000	0.048263	0.000000	
WIND_HAWT	0.000000	0.000000	30.000000	2000.000000	0.000000	0.000000	0.000000	0.000000	1.000000	1.000000	0.041639	0.000000	
WIND_VAWT	0.000000	0.000000	25.000000	10.000000	0.000000	0.000000	0.000000	0.000000	1.000000	1.000000	0.048263	0.000000	
DHN_ADVCOGEN_GAS	0.000000	0.000000	20.000000	2000.000000	0.000000	100000.000000	0.000000	0.000000	1.000000	0.900000	0.058246	0.000000	
DHN_ADVCOGEN_H2	0.000000	0.000000	20.000000	2000.000000	0.000000	100000.000000	0.000000	0.000000	1.000000	0.900000	0.058246	0.000000	
DHN_HP_ELEC_A2W	0.000000	0.000000	20.000000	200.000000	0.000000	100000.000000	0.000000	0.000000	1.000000	0.990000	0.058246	0.000000	
DHN_HP_ELEC_G2W	1513974.013148	4899.592276	20.000000	200.000000	2449.796138	100000.000000	0.000000	0.000000	1.000000	0.990000	0.058246	428199.866923	
DHN_THHP_GAS_ED_A2W	0.000000	0.000000	20.000000	10.000000	0.000000	10000.000000	0.000000	0.000000	1.000000	1.000000	0.058246	0.000000	
DHN_THHP_GAS_ED_G2W	0.000000	0.000000	20.000000	10.000000	0.000000	10000.000000	0.000000	0.000000	1.000000	1.000000	0.058246	0.000000	
DHN_THHP_ABS_A2W	0.000000	0.000000	25.000000	0.100000	0.000000	100000.000000	0.000000	0.000000	1.000000	0.950000	0.048263	0.000000	
DHN_THHP_ABS_G2W	0.000000	0.000000	25.000000	0.100000	0.000000	100000.000000	0.000000	0.000000	1.000000	0.950000	0.048263	0.000000	
DHN_COGEN_GAS_S	0.000000	0.000000	15.000000	25.000000	0.000000	0.000000	0.000000	0.000000	1.000000	0.850000	0.074944	0.000000	
DHN_COGEN_GAS_TURB_S	0.000000	0.000000	15.000000	50.000000	0.000000	0.000000	0.000000	0.000000	1.000000	0.900000	0.074944	0.000000	
DHN_COGEN_GAS_TURB_M	0.000000	0.000000	25.000000	6250.000000	0.000000	0.000000	0.000000	0.000000	1.000000	0.950000	0.048263	0.000000	
DHN_COGEN_GAS_TURB_L	0.000000	0.000000	25.000000	40000.000000	0.000000	0.000000	0.000000	0.000000	1.000000	0.950000	0.048263	0.000000	
DHN_COGEN_GAS_CCGT_M	0.000000	0.000000	25.000000	7000.000000	0.000000	0.000000	0.000000	0.000000	1.000000	0.900000	0.048263	0.000000	
DHN_COGEN_GAS_CCGT_L	0.000000	0.000000	25.000000	50000.000000	0.000000	0.000000	0.000000	0.000000	1.000000	0.900000	0.048263	0.000000	
DHN_COGEN_GAS_ENG	0.000000	0.000000	25.000000	5.000000	0.000000	40000.000000	0.000000	0.000000	1.000000	0.900000	0.048263	0.000000	
DHN_COGEN_WOOD_S	0.000000	0.000000	25.000000	14000.000000	0.000000	0.000000	0.000000	0.000000	1.000000	0.900000	0.048263	0.000000	
DHN_COGEN_WOOD_M	0.000000	0.000000	25.000000	60000.000000	0.000000	0.000000	0.000000	0.000000	1.000000	0.900000	0.048263	0.000000	
DHN_COGEN_WOOD_L	0.000000	0.000000	25.000000	500000.000000	0.000000	0.000000	0.000000	0.000000	1.000000	0.900000	0.048263	0.000000	
DHN_COGEN_WASTE_S	0.000000	0.000000	25.000000	25000.000000	0.000000	0.000000	0.000000	0.000000	1.000000	0.930000	0.048263	0.000000	
DHN_COGEN_WASTE_M	0.000000	0.000000	25.000000	57000.000000	0.000000	0.000000	0.000000	0.000000	1.000000	0.930000	0.048263	0.000000	
DHN_COGEN_WASTE_L	0.000000	0.000000	25.000000	175000.000000	0.000000	0.000000	0.000000	0.000000	1.000000	0.930000	0.048263	0.000000	
DHN_BOILER_GAS_S	0.000000	0.000000	25.000000	70.000000	0.000000	10000.000000	0.000000	0.000000	1.000000	0.990000	0.048263	0.000000	
DHN_BOILER_GAS_M	0.000000	0.000000	25.000000	500.000000	0.000000	0.000000	0.000000	0.000000	1.000000	0.990000	0.048263	0.000000	
DHN_BOILER_WOOD_S	177721.085488	8916.176492	25.000000	5000.000000	301.222179	100000.000000	0.000000	0.000000	1.000000	1.000000	0.048263	8696.284302	
DHN_BOILER_WOOD_M	0.000000	0.000000	25.000000	50000.000000	0.000000	0.000000	0.000000	0.000000	1.000000	1.000000	0.048263	0.000000	
DHN_BOILER_WOOD_L	0.000000	0.000000	25.000000	80000.000000	0.000000	0.000000	0.000000	0.000000	1.000000	1.000000	0.048263	0.000000	
DHN_BOILER_OIL	0.000000	0.000000	20.000000	500.000000	0.000000	10000.000000	0.000000	0.000000	1.000000	1.000000	0.058246	0.000000	
DHN_BOILER_WASTE_S	0.000000	0.000000	15.000000	500.000000	0.000000	10000.000000	0.000000	0.000000	1.000000	0.900000	0.074944	0.000000	
DHN_BOILER_WASTE_L	0.000000	0.000000	25.000000	35000.000000	0.000000	0.000000	0.000000	0.000000	1.000000	0.900000	0.048263	0.000000	
DHN_BOILER_ELEC_S	0.000000	0.000000	20.000000	250.000000	0.000000	10000.000000	0.000000	0.000000	1.000000	0.960000	0.058246	0.000000	
DHN_BOILER_ELEC_L	0.000000	0.000000	20.000000	5000.000000	0.000000	0.000000	0.000000	0.000000	1.000000	0.960000	0.058246	0.000000	
DHN_SOLAR	1129143.989634	2151.270944	30.000000	0.700000	4968.293174	100000000.000000	0.000000	0.000000	1.000000	1.000000	0.041639	1099085.815932	
DEC_HP_ELEC_A2A	0.000000	0.000000	12.000000	3.000000	0.000000	30.000000	0.000000	0.000000	1.000000	1.000000	0.091680	0.000000	
DEC_HP_ELEC_A2W	0.000000	0.000000	18.000000	5.000000	0.000000	30.000000	0.000000	0.000000	1.000000	1.000000	0.063806	0.000000	
DEC_HP_ELEC_A2W_small	0.000000	0.000000	18.000000	2.500000	0.000000	30.000000	0.000000	0.000000	1.000000	1.000000	0.063806	0.000000	
DEC_HP_ELEC_G2W	0.000000	0.000000	20.000000	5.000000	0.000000	32.000000	0.000000	0.000000	1.000000	1.000000	0.058246	0.000000	
DEC_HP_ELEC_G2W_small	0.000000	0.000000	20.000000	2.500000	0.000000	32.000000	0.000000	0.000000	1.000000	1.000000	0.058246	0.000000	
DEC_HP_ELEC_G2W_big	0.000000	0.000000	20.000000	18.000000	0.000000	50.000000	0.000000	0.000000	1.000000	1.000000	0.058246	0.000000	
DEC_THHP_GAS_ABS_A2W	0.000000	0.000000	20.000000	10.000000	0.000000	60.000000	0.000000	0.000000	1.000000	1.000000	0.058246	0.000000	
DEC_THHP_GAS_ABS_G2W	0.000000	0.000000	20.000000	10.000000	0.000000	60.000000	0.000000	0.000000	1.000000	1.000000	0.058246	0.000000	
DEC_THHP_GAS_ADS_G2W	0.000000	0.000000	20.000000	1.500000	0.000000	60.000000	0.000000	0.000000	1.000000	1.000000	0.058246	0.000000	
DEC_COGEN_GAS	0.000000	0.000000	20.000000	5.000000	0.000000	30.000000	0.000000	0.000000	1.000000	1.000000	0.058246	0.000000	
DEC_COGEN_OIL	6549451.286553	411184.299996	20.000000	5.000000	5016.583908	30.000000	0.000000	0.000000	1.000000	1.000000	0.058246	5138587.228348	
DEC_ADVCOGEN_GAS	0.000000	0.000000	20.000000	1.190000	0.000000	30.000000	0.000000	0.000000	1.000000	1.000000	0.058246	0.000000	
DEC_ADVCOGEN_H2	0.000000	0.000000	20.000000	0.700000	0.000000	30.000000	0.000000	0.000000	1.000000	1.000000	0.058246	0.000000	
DEC_BOILER_GAS	0.000000	0.000000	20.000000	5.000000	0.000000	30.000000	0.000000	0.000000	1.000000	1.000000	0.058246	0.000000	
DEC_BOILER_WOOD	0.000000	0.000000	20.000000	8.000000	0.000000	70.000000	0.000000	0.000000	1.000000	1.000000	0.058246	0.000000	
DEC_BOILER_OIL	0.000000	0.000000	20.000000	15.000000	0.000000	30.000000	0.000000	0.000000	1.000000	1.000000	0.058246	0.000000	
DEC_STOVE_WOOD	0.000000	0.000000	20.000000	4.000000	0.000000	0.000000	0.000000	0.000000	0.600000	1.000000	0.058246	0.000000	
DEC_SOLAR	0.000000	0.000000	20.000000	1.000000	0.000000	6.000000	0.000000	0.000000	1.000000	1.000000	0.058246	0.000000	
DEC_DIRECT_ELEC	0.000000	0.000000	30.000000	2.000000	0.000000	30.000000	0.000000	0.000000	1.000000	1.000000	0.041639	0.000000	
TRAMWAY_TROLLEY	0.000000	0.000000	1.000000	0.100000	0.000000	16.700000	0.000000	0.000000	0.300000	1.000000	1.015000	0.000000	
BUS_COACH_DIESEL	0.000000	0.000000	1.000000	0.100000	0.000000	16.700000	0.000000	0.000000	0.300000	1.000000	1.015000	0.000000	
BUS_COACH_HYDIESEL	0.000000	0.000000	1.000000	0.100000	0.000000	16.700000	0.000000	0.000000	0.300000	1.000000	1.015000	0.000000	
BUS_COACH_CNG_STOICH	0.000000	0.000000	1.000000	0.100000	0.000000	16.700000	0.000000	0.000000	0.300000	1.000000	1.015000	0.000000	
BUS_COACH_CapitalfC_HYBRIDH2	0.000000	0.000000	1.000000	0.100000	0.000000	16.700000	0.000000	0.000000	0.200000	1.000000	1.015000	0.000000	
TRAIN_PUB	0.000000	0.000000	1.000000	0.100000	0.000000	16.700000	0.000000	0.000000	0.800000	1.000000	1.015000	0.000000	
CAR_GASOLINE	0.000000	0.000000	1.000000	0.100000	0.000000	16.700000	0.200000	0.000000	1.000000	1.000000	1.015000	0.000000	
CAR_DIESEL	0.000000	0.000000	1.000000	0.100000	0.000000	16.700000	0.200000	0.000000	1.000000	1.000000	1.015000	0.000000	
CAR_NG	0.000000	0.000000	1.000000	0.100000	0.000000	16.700000	0.000000	0.000000	0.500000	1.000000	1.015000	0.000000	
CAR_HEV	0.000000	0.000000	1.000000	0.100000	0.000000	16.700000	0.000000	0.000000	0.300000	1.000000	1.015000	0.000000	
CAR_PHEV	0.000000	0.000000	1.000000	0.100000	0.000000	16.700000	0.000000	0.000000	0.300000	1.000000	1.015000	0.000000	
CAR_BEV	0.000000	0.000000	1.000000	0.100000	0.000000	16.700000	0.000000	0.000000	0.300000	1.000000	1.015000	0.000000	
CAR_CapitalfUEL_CELL	0.000000	0.000000	1.000000	0.100000	0.000000	16.700000	0.000000	0.000000	0.200000	1.000000	1.015000	0.000000	
TRAIN_CapitalfREIGHT	0.000000	0.000000	1.000000	0.920000	0.000000	3.200000	0.000000	0.000000	1.000000	1.000000	1.015000	0.000000	
TRUCK	0.000000	0.000000	1.000000	0.920000	0.000000	3.200000	0.000000	0.000000	1.000000	1.000000	1.015000	0.000000	
LNG_STO	0.000000	0.000000	25.000000	0.100000	0.000000	100000.000000	0.000000	-1.000000	1.000000	1.000000	0.048263	0.000000	%f\t
PHES	0.000000	0.000000	50.000000	0.100000	0.000000	0.000000	0.000000	-1.000000	1.000000	1.000000	0.028572	0.000000	%f\t
BATT_LI	0.000000	0.000000	30.000000	2.200000	0.000000	100000.000000	0.000000	-1.000000	1.000000	1.000000	0.041639	0.000000	%f\t
BATT_REDOX	-0.000000	-0.000000	20.000000	2.200000	-0.000000	100000.000000	0.000000	-1.000000	1.000000	1.000000	0.058246	-0.000000	%f\t
BEV_BATT	0.000000	0.000000	1.000000	0.100000	0.000000	0.000000	0.000000	-1.000000	1.000000	1.000000	1.015000	0.000000	%f\t
PHEV_BATT	0.000000	0.000000	1.000000	0.100000	0.000000	0.000000	0.000000	-1.000000	1.000000	1.000000	1.015000	0.000000	%f\t
TS_DEC_HP_ELEC_A2W_small	0.000000	0.000000	30.000000	0.100000	0.000000	100000.000000	0.000000	-1.000000	1.000000	1.000000	0.041639	0.000000	%f\t
TS_DEC_HP_ELEC_A2W	-0.000000	-0.000000	30.000000	0.100000	-0.000000	100000.000000	0.000000	-1.000000	1.000000	1.000000	0.041639	0.000000	%f\t
TS_DEC_HP_ELEC_G2W_small	0.000000	0.000000	30.000000	0.100000	0.000000	100000.000000	0.000000	-1.000000	1.000000	1.000000	0.041639	0.000000	%f\t
TS_DEC_HP_ELEC_G2W	0.000000	0.000000	30.000000	0.100000	0.000000	100000.000000	0.000000	-1.000000	1.000000	1.000000	0.041639	0.000000	%f\t
TS_DEC_HP_ELEC_G2W_big	0.000000	0.000000	30.000000	0.100000	0.000000	100000.000000	0.000000	-1.000000	1.000000	1.000000	0.041639	0.000000	%f\t
TS_DEC_DIRECT_ELEC	0.000000	0.000000	30.000000	0.100000	0.000000	100000.000000	0.000000	-1.000000	1.000000	1.000000	0.041639	0.000000	%f\t
TS_DEC_THHP_GAS_ABS_A2W	0.000000	0.000000	30.000000	0.100000	0.000000	100000.000000	0.000000	-1.000000	1.000000	1.000000	0.041639	0.000000	%f\t
TS_DEC_THHP_GAS_ABS_G2W	0.000000	0.000000	30.000000	0.100000	0.000000	100000.000000	0.000000	-1.000000	1.000000	1.000000	0.041639	0.000000	%f\t
TS_DEC_THHP_GAS_ADS_G2W	0.000000	0.000000	30.000000	0.100000	0.000000	100000.000000	0.000000	-1.000000	1.000000	1.000000	0.041639	0.000000	%f\t
TS_DEC_COGEN_GAS	0.000000	0.000000	30.000000	0.100000	0.000000	100000.000000	0.000000	-1.000000	1.000000	1.000000	0.041639	0.000000	%f\t
TS_DEC_ADVCOGEN_GAS	0.000000	0.000000	30.000000	0.100000	0.000000	100000.000000	0.000000	-1.000000	1.000000	1.000000	0.041639	0.000000	%f\t
TS_DEC_COGEN_OIL	9623993.443324	148061.437590	30.000000	0.100000	74030.718795	100000.000000	0.000000	-1.000000	1.000000	1.000000	0.041639	0.000000	%f\t
TS_DEC_ADVCOGEN_H2	0.000000	0.000000	30.000000	0.100000	0.000000	100000.000000	0.000000	-1.000000	1.000000	1.000000	0.041639	0.000000	%f\t
TS_DEC_BOILER_GAS	0.000000	0.000000	30.000000	0.100000	0.000000	100000.000000	0.000000	-1.000000	1.000000	1.000000	0.041639	0.000000	%f\t
TS_DEC_BOILER_WOOD	0.000000	0.000000	30.000000	0.100000	0.000000	100000.000000	0.000000	-1.000000	1.000000	1.000000	0.041639	0.000000	%f\t
TS_DEC_BOILER_OIL	0.000000	0.000000	30.000000	0.100000	0.000000	100000.000000	0.000000	-1.000000	1.000000	1.000000	0.041639	0.000000	%f\t
TS_DHN_DAILY_S	0.000000	0.000000	40.000000	100.000000	0.000000	100000000.000000	0.000000	-1.000000	1.000000	1.000000	0.033427	0.000000	%f\t
TS_DHN_DAILY_M	0.000000	0.000000	40.000000	40000.000000	0.000000	0.000000	0.000000	-1.000000	1.000000	1.000000	0.033427	0.000000	%f\t
TS_DHN_SEASONAL_S	7688079.504916	6006.312113	20.000000	40000.000000	2002104.037738	100000000.000000	0.000000	-1.000000	1.000000	1.000000	0.058246	0.000000	%f\t
TS_DHN_SEASONAL_M	0.000000	0.000000	20.000000	1000000.000000	0.000000	0.000000	0.000000	-1.000000	1.000000	1.000000	0.058246	0.000000	%f\t
TS_DHN_SEASONAL_L	0.000000	0.000000	20.000000	8000000.000000	0.000000	0.000000	0.000000	-1.000000	1.000000	1.000000	0.058246	0.000000	%f\t
SEASONAL_NG	0.000000	0.000000	30.000000	0.000000	0.000000	100000.000000	0.000000	-1.000000	1.000000	1.000000	0.041639	0.000000	%f\t
SEASONAL_H2	0.000000	0.000000	25.000000	0.000000	0.000000	100000.000000	0.000000	-1.000000	1.000000	1.000000	0.048263	0.000000	%f\t
LINK_DEC2DHN	0.000000	0.000000	1.000000	0.100000	0.000000	0.000000	0.000000	-1.000000	1.000000	1.000000	1.015000	0.000000	%f\t
LINK_DHN2DEC	0.000000	0.000000	1.000000	0.100000	0.000000	0.000000	0.000000	-1.000000	1.000000	1.000000	1.015000	0.000000	%f\t
ECapitalfCapitalfICIENCY	0.000000	0.000000	1.000000	0.100000	0.000000	20.000000	0.000000	-1.000000	1.000000	1.000000	1.015000	0.000000	%f\t
DHN_SINGLE	9525610.714286	0.000000	40.000000	0.100000	15240.977143	100000.000000	0.000000	-1.000000	1.000000	1.000000	0.033427	0.000000	%f\t
DHN_SERVICE	9600000.000000	0.000000	40.000000	0.100000	3000.000000	100000.000000	0.000000	-1.000000	1.000000	1.000000	0.033427	0.000000	%f\t
DHN_STATIONS	2095700.049399	0.000000	40.000000	0.100000	8732.083539	100000.000000	0.000000	-1.000000	1.000000	1.000000	0.033427	0.000000	%f\t
DHN_SUBSTA	1833737.543224	48899.667819	25.000000	0.100000	8732.083539	100000.000000	0.000000	-1.000000	1.000000	1.000000	0.048263	0.000000	%f\t
GRID	0.000000	0.000000	80.000000	0.100000	0.000000	20.000000	0.000000	-1.000000	1.000000	1.000000	0.021548	0.000000	%f\t
H2_ELECTROLYSIS_SOEC	0.000000	0.000000	30.000000	1000.000000	0.000000	100000.000000	0.000000	-1.000000	1.000000	0.900000	0.041639	0.000000	%f\t
H2_ELECTROLYSIS_PEMEC	0.000000	0.000000	15.000000	1000.000000	0.000000	100000.000000	0.000000	-1.000000	1.000000	0.900000	0.074944	0.000000	%f\t
H2_ELECTROLYSIS_ALKA	0.000000	0.000000	25.000000	1000.000000	0.000000	100000.000000	0.000000	-1.000000	1.000000	0.900000	0.048263	0.000000	%f\t
H2_NG	0.000000	0.000000	25.000000	1000.000000	0.000000	100000.000000	0.000000	-1.000000	1.000000	0.860000	0.048263	0.000000	%f\t
H2_BIOMASS	0.000000	0.000000	25.000000	1000.000000	0.000000	100000.000000	0.000000	-1.000000	1.000000	0.860000	0.048263	0.000000	%f\t
GASICapitalfICATION_SNG	0.000000	0.000000	20.000000	2000.000000	0.000000	0.000000	0.000000	-1.000000	1.000000	0.950000	0.058246	0.000000	%f\t
PYROLYSIS	2901883.732391	2860.428250	25.000000	1000.000000	4145.548189	100000.000000	0.000000	-1.000000	1.000000	0.950000	0.048263	0.000000	%f\t
ROOCapitalf	905641.716000	0.000000	1.000000	0.100000	6468869.400000	100000000000.000000	0.000000	-1.000000	0.140000	1.000000	1.015000	0.000000	%f\t
CapitalfACADE	1164396.492000	0.000000	1.000000	0.100000	12937738.800000	100000000000.000000	0.000000	-1.000000	0.280000	1.000000	1.015000	0.000000	%f\t
CapitalfLOOR	554474.520000	0.000000	1.000000	0.100000	2310310.500000	100000000000.000000	0.000000	-1.000000	0.050000	1.000000	1.015000	0.000000	%f\t
WINDOW	1524804.930000	0.000000	1.000000	0.100000	4620621.000000	100000000000.000000	0.000000	-1.000000	0.100000	1.000000	1.015000	0.000000	%f\t